cam0:
  T_cam_imu:
  - [0.014291393065238217, -0.9998930231493481, 0.003114216035285111, 0.09030788573836064]
  - [-0.007515974932466418, -0.003221870326790166, -0.9999665642772334, -0.0010820985403440623]
  - [0.999869624603664, 0.014267508852526256, -0.007561215912383956, -0.099092665435041]
  - [0.0, 0.0, 0.0, 1.0]
  cam_overlaps: []
  camera_model: pinhole
  distortion_coeffs: [-0.09643114045921528, 0.08373343911562812, 9.44323885148532e-05, -5.763444292489917e-05]
  distortion_model: radtan
  intrinsics: [429.93575294891434, 430.0674737177235, 313.4156613365334, 247.31785658273228]
  resolution: [640, 512]
  rostopic: /cam/left/gray
  timeshift_cam_imu: 0.00232262046289114
