cam0:
  T_cam_imu:
  - [0.0024173548919901454, 0.00568025902930685, 0.9999809453448033, -0.08315693861540663]
  - [0.002555550118909816, -0.9999806368053137, 0.005674079487391916, -0.002354316378017889]
  - [0.9999938127603171, 0.0025417851599770737, -0.00243182427091447, -0.09746777733990183]
  - [0.0, 0.0, 0.0, 1.0]
  cam_overlaps: [1]
  camera_model: pinhole
  distortion_coeffs: [0.044825719729041376, -0.04756951384122797, 0.0002110846457246201, -0.0002598132852899312]
  distortion_model: radtan
  intrinsics: [527.8345518893221, 528.0912679585015, 477.57465182421777, 405.2040628466121]
  resolution: [960, 768]
  rostopic: /cam/left/gray
  timeshift_cam_imu: 0.0024093002030292844
cam1:
  T_cam_imu:
  - [0.007885700712988192, 0.013551402799121903, 0.9998770800485635, 0.06885174612527405]
  - [-0.019251002178517898, -0.9997208002595517, 0.013701111032485289, 0.0015395974845412363]
  - [0.9997835839017302, -0.019356678707302604, -0.00762262094258795, -0.09711948922519469]
  - [0.0, 0.0, 0.0, 1.0]
  T_cn_cnm1:
  - [0.9999540657508683, -0.007857606067459584, 0.005488571325606079, 0.15252132454636702]
  - [0.007975640355786606, 0.9997299867632212, -0.021825277256520698, 0.00242924673743802]
  - [-0.005315594907702338, 0.021868049599757952, 0.9997467343569966, -6.694141670907684e-05]
  - [0.0, 0.0, 0.0, 1.0]
  cam_overlaps: [0]
  camera_model: pinhole
  distortion_coeffs: [0.04634898604292562, -0.050636840146560114, 0.00018040662291790997, 0.00035021771336165214]
  distortion_model: radtan
  intrinsics: [529.2022593452682, 529.395211995413, 471.034125990488, 389.55060023894976]
  resolution: [960, 768]
  rostopic: /cam/right/gray
  timeshift_cam_imu: 0.002413264611713464
